0 227 228 235 236 247 248 251 266 269 298
1 225 233 252
2 169 236 240
3 114 186 227 270 282 290 296
4 157 169 180 185 222 242 246 249 252 273 274
5 243 248 257 293 295 297
6 236 295
7 267 283
8 210 228 243 253 257
9 172 200 205 206 227 228 249 251 259 278 290
10 166 247 249 287 288
11 18 227 228 229 230 241 244 246 247 249 251
12 193 248 252 279
13 103 138 166 173 176 238
14 197 225 296
15 199 270 273 292 298
16 187 221 233 252
17 224 245 272
18 175 194 257 280 297
19 173 193 214 246 249 253 297
20 73 102 161 168 179 241
21 155 156 228 229 230 237 238 246 251 255 260
22 48 123 220 230 231 233 247 249 252 262 288 298
23 174 189 233 286
24 73 226 227 229 230 236 237 238 242 248 253 258 270 286 290
25 199 237 260
26 48 63 152 168 252 290
27 197 199 218 273
28 195 218
29 233 240 267 273 275
30 150 153 158 189 217 224 247 249 252 253 257 279 295
31 178 210 219 223 264 265 278 291
32 157 229 246 248 252
33 231 243 248 256
34 229 235 252 257 262 287
35 67 144 227 235 236 237 247 252 253 260
36 203 206 245 246 257 266 269 272 291 292 294 295
37 175
38 224 233 248 282 285
39 166 231 235 244 266 269 272 278 279 280 287 291 292
40 46 155 228 235 249 250 271 286 287
41 168 179 214 221 224 254 280
42 173 174 240 244 262 267 288 297
43 236 237 250 273 294
44 174 187 191 197 252 288 295
45 191 193 196 200
46 155 184 199 226 299
47 18 72 152 223 278 290
48 158 179 224 234 253 291
49 176 198 215 238 244 264 292
50 267
51 75 120 155 193 200 229 247 258 273
52 228 229 256 260 263 276 290 292 297
53 83 116 192 193 225 254 268
54 155 159 161 195 197 203 217 227 229 273 290 293 298
55 151 182 228 241 246 252 260 277 282
56 101 120 174 199 217 252 276 288 297
57 167 173 190 193 198 244 267 278
58 228 229 252 262 285 288
59 155 250 252 273
60 34 67 174 219 256 264
61 175 213 233 278 296
62 168 246 252 257 264 291
63 157 184 187 188 199 218 226 247 248 250 251 253 263 292
64 155 173 200 228 235 297
65 183 214 231 244 267 268 295
66 155 157 174 197 199 209 211 231 236 275 294
67 252 279
68 75 175 198 244 246 249 250 252 253 267
69 251 269 292
70 226 231 241 249 250 252 256 260 270 299
71 42 142 159 165 199 212 216 218 247 252 295
72 220 236 246 282
73 18 155 199 227
74 155 200 257 273
75 62 187 201 237 252 296
76 175 250
77 188 247 249 252 255 279
78 167 184 236
79 13 74 174 182 183 217 224 229 232 243 249 252 253 254 259 264 287 288 299
80 224 254 291
81 151 165 182 191 199 218 239 242 247 249 251 252 267 284
82 150 250
83 164 172 180 194 221 246 257 268 295
84 174 175 214 233 254 267 294
85 149 150 155 197 199 253
86 194 227 228 231 237 244 250 252 262
87 158 169 279 284 297
88 152 182 210 212 217 257 286 297
89 129 187 212 231 291
90 224 249 279 288
91 99 162 178 212 219 227
92 228 260 292 296
93 155 246 249 252
94 170 173
95 174 186 227 235 247 252 278 288
96 233 240 246 252 262
97 233 237 252
98 191
99 164 173 203 213 214
100 191 231
101 2 112 174 178 187 198 200 212 223 233 246 252 267
102 250
103 155 157 171 184 197 218 227 247 251 252 259 266
104 227 251 260
105 143 150 165 180 275 294 296 298
106 150 178 200 212 237 246 248 249 273
107 243 260 263 295
108 267
109 43 47 93 142 143 165 213 225 242 252 278
110 0 227 228 230 231 243 249 251 253 256 259 261
111 267
112 233 241 252 279 295 296
113 173 212 220 233 234
114 193 262 279
115 138 193 248 249 256 263
116 32 153 178 187 193 224 227 248 249 257 263 279
117 0 18 19 200 213 224 298
118 174
119 160 246 248 252 272 297 299
120 208 227 247 252 288 297
121 193 282
122 161 162 164 177 190 203 257 264 272 297 299
123 213 233 262 288
124 207 210 243 245 254 271
125 187 207 244 273 292
126 18 54 96 97 100 101 102 105 224 240 242 247 248 252 262 280 283
127 201 225 231 237 253 264
128 24 51 74 87 98 133 144
129 71 97 103 129 146
130 0 49 71 80 87 96 100 120 133 205
131 62 114 146
132 4 49 68 90 99 101 102 103 118 120 133 141 149
133 85 93 99 101 112 113 145
134 0 33 71 112 120 121 136 141 142
135 0 78 85 96 99 105 108 112 114 129 142 282
136 97 99 114 129 145 159 188 206
137 68 141 149
138 79 87
139 74 82 99 123 147
140 0 21 49 50 54 66 71 80 96 97 99 120 121 131 132 137
141 16 63 67 75 102 148 149
142 41 43 51 67 83 90 98 116 126 130 138
143 51 78 80 90 97 98
144 7 18 77 89 90 108 119 147
145 0 93 99 102 103 119 151 275
146 90
147 118
148 0 21 42 58 67 80 98 99 108 129
149 9 149
150 24 33 90 99 111 121 136 147
151 0 60 80 84 94 95 103 104 107 112 198
152 98
153 16 107 118
154 21 90 134 193 210 214 246 282
155 147
156 0 36 92 98 102
157 6 120 141 163 169 196 197 258 266 273 281
158 0 103 105 107
159 49 98
160 2
161 90 143 168
162 19 137
163 23 35 90 107 119 142 210 246 293
164 80 103 213 234 248
165 36 90 109 138
166 22 33 88 97 100 109 114 118 120 141 142 149
167 46 68 91 92 118 141 142
168 0 90 120 142 146 200
169 141
170 2 62 85 87 114
171 0 80 81 84 85 91 93 95 99 102 105 129 142 164 251
172 138
173 0 13 29 43 73 74 99 101 102 103 130 146 147
174 0 120 133
175 97 98 121
176 133 137
177 0 9 10 101 142
178 0 42 83 98 125
179 27 49 73 80 86 96 102 115 120 125 133 138 148
180 80 89 90 96 101 103 104 105 107 108 129 278
181 2 12 56 58 101 106 138
182 36 38 98 99
183 13 19 44 60 63 137
184 0 107 119 127
185 99 120
186 0 40 90
187 0
188 78 80
189 36 49 86 88 96 99 101 121 132 137
190 78 79 85 86 88 100 101 102 103 105 129 142 144 147
191 26 53 84 96 98 99 102 104 105 147 157 165 299
192 46 58
193 59 90 119 126 129 143 146
194 0 80 120 121 147
195 0 80 84 87 107 127
196 3
197 3 21 95 101 102 110 117
198 8 104 107 123
199 2 8 62 79 87 95 148
200 9 49 90 98 120 122 132 146
201 121
202 8 20 21 25 26 75 76 84 96 97 99 102 120 127 134 137 146 182 291
203 98 102 138 143 145
204 9 10 24 59 90 118
205 0 38 118 121
206 62 138
207 20 42 45 68 135 141 144 147 243
208 9 54 114 126
209 26 82 88 96 98 99 101 102 103 104 105 107 137 141
210 62 99 100 104 106 113 114 116 121
211 0 101 125 144
212 0 16 18 24 107 133 136 138 141 162
213 11 15 71 79 92 103 178 254 271
214 7 12 72 100 103 108 109 132 133 147
215 35 67 76 79 84 110 141
216 3 44 121 128 130
217 34 51 114 138
218 72 78 89 95 98 114 116 138 142 148 247 292
219 4 10 75 79 118 142
220 87
221 93 120
222 0 74 77 79 83 84 86 88 94 97 98 101 102 103 105 108 111 125 130 136 141 147 253
223 74 80 90 106 107 111 115
224 0 21 60 71 97 98 102 122 132 136 137 144
225 0 54 87 141 142 184
226 71 107 132 154 181 188
227 0 84 85 86 87 88 96 107 114 125 129 142 143 145 185
228 0 80 103 138
229 0 49 87 120 142
230 0 9 80 101 120 136 138
231 22 101 138 141 149
232 83 88
233 79 214
234 99 113 134
235 87 102 114 121 133 148
236 0 78 80 83 94 95 96 97 98 99 100 111 113 182 189 215 248 249 251 253
237 0 8 21 66 84 99 104 116 122 147 192
238 59 71 102 112
239 90 118 120 131 149
240 0 1 38 50 59 76 84 85 97 99 102 110 119 126 139
241 0 73 96 97
242 76 102 112 135
243 0 90 102 120 121 136
244 149
245 0 83 85 87 88 94 95 96 97 98 99 101 103 104 105 108 109 115 146 288
246 9 24 120 133
247 0 21 49 74 76 92 97 100 108 136 137
248 62
249 11 35 43 55 58 103 214
250 79 87 136
251 12 40 43 54 78 121 123 138 146
252 79
253 14 72 96
254 54 80 98 138
255 34 51 112 114 120 125
256 0 17 49 71 98 102 120 139
257 0 68 80 87 117 138 143
258 2 62
259 142
260 0 62 120
261 48 49 90 92 99 120 134 290
262 78 87 90 98 102 117 118 131 138 142
263 68 136 141 195 196 229 250 279
264 0 40 71 72 97 98 103 115 120 123 125 136 144
265 36 49 99 103 109
266 0 78 88 96 101 112 117 120 121 144 294
267 74 97 100 102 103 122 144 266
268 3 46 49 71 104 118 120 138 142 145 260
269 0 102 103 107
270 0 78 103 136
271 19 58 67 101 125 129 145
272 90 105 133 146 206 212 214 219 243 264
273 19 36 49 99 102 119 125 134 290
274 0 6 34 80 83 98 99 133 173
275 0 24 92 114 129 134 136 138 146
276 0 80 87 90 100 134
277 2 6 7 24 52 62 80 93 166 186 188 196 205 208 248 255 265 266 293 296
278 49
279 10
280 79
281 32 84 93 96 144 147
282 75 90 118 141
283 10 24 90 96 99 126 133 134 147
284 37 48 116 123 144 150 191
285 7 88 95 96 102 103 121 122 126 136 137
286 0 15 81 96 97 98 99 101 102 108 144 145 147 148 167 183 199 200 225 244
287 0 114 120 138
288 0 36 118 120 126 137
289 80 98
